9.8146,-3.9065,-3.55,-0.091772,1.5567,-2.8935
-3.9065,3.1978,0.10282,-0.10166,-1.1625,2.2431
-3.55,0.10282,3.7443,0.43983,0.36068,-0.6087
-0.091772,-0.10166,0.43983,1.8192,-0.28725,-0.55893
1.5567,-1.1625,0.36068,-0.28725,2.5163,-0.6811
-2.8935,2.2431,-0.6087,-0.55893,-0.6811,2.6198
