10.283,-0.26569,-2.6688,0.4349,3.1965,1.7781
-0.26569,2.5585,0.8407,-0.30285,1.328,0.35587
-2.6688,0.8407,4.2112,-1.0677,-0.98167,1.166
0.4349,-0.30285,-1.0677,3.5949,-0.93074,0.29652
3.1965,1.328,-0.98167,-0.93074,2.7921,0.83228
1.7781,0.35587,1.166,0.29652,0.83228,2.5167
